data<-c(10,50,25,31,28,17)
